x,y,cluster_kmeans
36.18,27.45,4
26.42,9.64,0
51.59,72.49,1
50.82,79.72,1
28.48,10.23,0
24.92,7.24,0
46.13,50.97,5
17.6,3.44,0
26.8,9.04,0
53.22,69.38,1
24.04,7.55,0
20.89,5.44,0
35.65,27.16,4
26.09,8.52,0
36.8,29.28,4
28.48,10.95,0
35.54,27.48,4
36.55,26.89,4
47.22,50.06,5
58.42,103.67,3
28.47,10.79,0
18.4,2.4,0
43.95,44.7,2
22.71,6.23,0
24.86,7.34,0
20.73,5.15,0
24.07,7.45,0
24.15,8.34,0
17.27,1.47,0
24.83,7.95,0
22.98,6.16,0
57.12,101.38,3
20.23,5.85,0
53.0,70.25,1
20.81,5.07,0
26.01,9.96,0
26.87,9.11,0
38.63,25.9,4
22.93,6.85,0
26.49,9.67,0
26.79,8.53,0
22.6,6.75,0
42.65,42.93,2
45.8,58.84,5
42.7,43.46,2
50.07,79.49,1
35.52,25.0,4
40.31,40.85,2
24.14,7.39,0
26.18,9.27,0
50.62,70.4,1
35.04,27.4,4
43.31,43.68,2
37.52,25.19,4
24.93,8.13,0
22.99,6.36,0
20.61,5.4,0
22.7,6.25,0
35.95,26.71,4
24.39,8.06,0
18.37,4.42,0
52.91,69.05,1
26.7,9.96,0
43.26,40.96,2
35.13,26.81,4
28.37,10.08,0
47.88,50.72,5
37.54,28.68,4
48.61,58.91,5
47.98,56.73,5
22.37,6.45,0
43.18,41.2,2
40.78,39.37,2
53.56,80.17,1
47.22,57.9,5
55.86,108.16,3
28.32,11.09,0
17.53,1.25,0
48.41,53.26,5
20.36,5.5,0
56.53,102.63,3
24.56,7.42,0
50.33,79.47,1
28.45,10.7,0
52.51,76.96,1
47.38,54.24,5
52.69,79.65,1
26.8,9.5,0
43.24,37.93,2
22.15,6.37,0
17.64,4.54,0
22.27,7.0,0
28.73,11.35,0
24.78,7.63,0
43.31,42.82,2
57.4,109.24,3
56.27,99.42,3
53.68,70.91,1
48.29,49.71,5
42.63,44.32,2
55.1,99.28,3
40.78,44.73,2
20.13,5.28,0
28.41,11.29,0
55.67,109.1,3
26.21,8.62,0
20.56,5.71,0
43.87,38.46,2
45.07,57.23,5
22.64,6.52,0
26.76,8.89,0
28.02,11.24,0
43.72,41.85,2
56.64,96.72,3
28.09,10.61,0
26.74,9.99,0
38.56,27.37,4
48.57,52.51,5
18.66,4.14,0
26.51,9.08,0
48.93,53.58,5
46.55,57.4,5
42.73,43.31,2
26.68,8.9,0
26.09,8.85,0
38.35,24.71,4
26.77,9.34,0
45.77,57.83,5
55.29,92.88,3
24.56,7.53,0
37.88,28.75,4
20.79,5.88,0
22.4,6.99,0
28.72,10.03,0
28.7,10.02,0
28.64,10.33,0
22.82,6.36,0
37.68,28.15,4
18.72,4.0,0
22.52,6.86,0
26.16,9.37,0
45.61,58.95,5
43.47,37.86,2
28.1,11.19,0
24.25,8.22,0
45.82,55.65,5
20.83,5.23,0
47.63,54.77,5
26.09,8.72,0
22.14,6.36,0
48.04,51.17,5
24.62,8.26,0
24.67,7.86,0
48.01,49.47,5
43.79,43.34,2
57.15,103.36,3
17.3,4.03,0
57.24,106.11,3
37.51,26.49,4
28.45,10.73,0
17.82,2.01,0
56.75,92.91,3
17.12,3.04,0
20.89,5.13,0
46.01,54.8,5
52.74,70.58,1
35.35,26.63,4
35.85,28.71,4
41.55,38.32,2
50.7,79.58,1
17.6,2.69,0
40.88,44.83,2
22.18,6.73,0
20.65,5.2,0
50.5,76.83,1
24.48,8.39,0
38.12,25.2,4
17.03,1.73,0
20.28,5.21,0
48.72,51.74,5
28.64,10.18,0
20.71,5.77,0
35.06,25.44,4
17.06,4.86,0
24.62,8.31,0
28.3,10.81,0
22.31,6.14,0
20.85,5.49,0
22.38,6.46,0
51.06,69.57,1
22.75,6.15,0
28.66,10.01,0
41.56,38.5,2
48.64,57.21,5
26.6,9.09,0
24.78,7.13,0
55.46,96.9,3
26.08,9.62,0
38.43,24.56,4
24.05,7.76,0
18.24,1.89,0
58.92,91.18,3
26.99,9.53,0
22.23,6.48,0
41.59,37.52,2
28.1,10.05,0
43.71,41.07,2
20.5,5.46,0
24.67,7.72,0
50.83,71.21,1
43.79,39.56,2
24.23,7.62,0
18.23,1.09,0
41.86,40.73,2
22.15,7.0,0
40.79,43.6,2
43.99,39.89,2
53.45,67.39,1
22.01,6.78,0
17.41,1.71,0
50.45,70.13,1
43.41,38.19,2
22.06,6.79,0
24.09,7.17,0
46.49,58.32,5
22.4,6.08,0
36.92,28.0,4
51.23,76.2,1
20.02,5.69,0
24.6,7.7,0
22.94,6.94,0
18.76,2.86,0
28.37,10.55,0
37.6,26.69,4
28.9,10.68,0
20.3,5.77,0
56.84,108.46,3
41.1,42.6,2
40.53,39.53,2
20.6,5.83,0
56.46,109.91,3
48.17,57.31,5
35.56,26.06,4
24.68,8.24,0
41.67,42.26,2
52.24,73.78,1
20.78,5.22,0
26.43,9.8,0
26.25,9.94,0
36.55,27.88,4
17.94,2.48,0
37.16,29.57,4
56.7,93.28,3
24.41,7.86,0
45.33,52.03,5
20.45,5.41,0
40.44,44.56,2
22.47,6.41,0
22.2,6.89,0
22.41,6.25,0
50.38,71.54,1
24.23,7.03,0
43.29,38.2,2
55.8,101.2,3
37.78,25.79,4
35.04,27.35,4
28.91,10.32,0
20.61,5.1,0
24.99,8.04,0
24.82,7.15,0
35.9,27.67,4
51.66,79.24,1
41.59,42.53,2
26.2,8.63,0
46.89,53.99,5
41.81,37.62,2
58.45,105.75,3
48.23,56.12,5
22.5,6.1,0
51.9,67.6,1
37.47,28.31,4
46.37,50.43,5
24.32,7.21,0
18.68,3.38,0
24.13,7.89,0
26.91,9.6,0
56.61,92.36,3
58.21,103.59,3
28.3,11.43,0
52.4,78.24,1
20.73,5.36,0
40.53,41.81,2
35.42,27.17,4
56.45,98.67,3
17.67,2.39,0
20.31,5.08,0
51.74,72.37,1
26.76,8.75,0
48.57,53.24,5
22.47,6.54,0
45.51,53.79,5
57.34,102.93,3
48.07,57.37,5
58.0,91.95,3
58.92,103.23,3
24.27,8.07,0
42.72,41.11,2
18.16,4.99,0
57.87,105.75,3
28.66,11.12,0
58.11,100.5,3
22.29,6.01,0
50.54,71.96,1
28.85,10.22,0
28.27,10.35,0
52.94,71.34,1
18.64,4.18,0
18.62,2.67,0
26.92,9.49,0
24.25,7.26,0
48.27,52.66,5
50.69,71.42,1
26.12,8.54,0
20.3,5.12,0
24.89,7.59,0
55.48,100.56,3
46.83,49.36,5
28.49,10.45,0
26.63,9.12,0
18.41,3.03,0
48.83,51.96,5
20.42,5.7,0
42.08,38.05,2
35.02,24.98,4
40.25,37.32,2
51.05,70.91,1
36.94,26.54,4
22.77,6.62,0
45.49,53.96,5
40.23,41.83,2
22.65,6.2,0
26.17,9.7,0
22.5,6.56,0
58.54,91.0,3
43.7,38.57,2
58.76,94.25,3
50.19,77.23,1
45.35,49.37,5
41.14,39.97,2
45.52,55.46,5
41.16,41.34,2
28.6,10.3,0
28.39,10.74,0
22.46,6.49,0
47.57,53.6,5
20.69,5.13,0
22.15,6.21,0
26.05,9.99,0
28.27,10.38,0
50.36,79.67,1
40.04,37.77,2
26.58,8.5,0
40.88,44.6,2
28.32,10.53,0
57.41,97.57,3
22.75,6.18,0
22.48,6.27,0
17.1,3.01,0
47.67,54.76,5
51.27,78.88,1
22.87,6.9,0
57.09,102.96,3
24.57,7.03,0
26.81,9.97,0
35.89,26.55,4
50.36,73.67,1
52.34,70.9,1
46.56,56.25,5
28.93,10.94,0
36.5,29.5,4
21.0,5.76,0
20.22,5.03,0
22.48,6.45,0
37.4,27.95,4
57.45,91.59,3
28.2,10.49,0
41.02,44.24,2
28.46,11.17,0
28.29,11.0,0
22.23,6.21,0
52.0,68.37,1
40.36,41.56,2
43.8,43.59,2
28.18,10.14,0
57.38,102.86,3
17.13,2.25,0
53.57,67.44,1
45.46,49.2,5
51.33,79.82,1
55.55,99.46,3
